BEGIN
2025-12-10-22-01-47
10
TIME 2025-12-10-22-01-47
MODE PVP
P1_NAME 
P2_NAME Player 2
P1_SCORE 0
P2_SCORE 0
TURN 2
BOARD_SIZE 12
BOARDGAME 
0 0 0 0 0 0 0 0 0 0 0 0 
0 0 0 0 0 0 0 0 0 0 0 0 
0 0 0 0 0 0 0 0 0 0 0 0 
0 0 0 1 2 0 0 0 0 0 0 0 
0 0 0 0 1 2 2 2 2 0 0 0 
0 0 0 0 0 1 1 1 1 0 0 0 
0 0 0 0 0 0 0 0 0 0 0 0 
0 0 0 0 0 0 0 0 0 0 0 0 
0 0 0 0 0 0 0 0 0 0 0 0 
0 0 0 0 0 0 0 0 0 0 0 0 
0 0 0 0 0 0 0 0 0 0 0 0 
0 0 0 0 0 0 0 0 0 0 0 0 
RESULT 0
END

BEGIN
2025-12-10-22-09-01
10
TIME 2025-12-10-22-09-01
MODE PVE
P1_NAME 
P2_NAME Computer
P1_SCORE 0
P2_SCORE 0
TURN 1
BOARD_SIZE 12
BOARDGAME 
0 0 0 0 0 0 0 0 0 0 0 0 
0 2 2 2 0 0 0 0 0 0 0 0 
0 1 1 2 1 0 0 0 0 0 0 0 
0 0 1 0 0 0 0 0 0 0 0 0 
0 0 0 0 0 0 0 0 0 0 0 0 
0 0 0 0 0 0 0 0 0 0 0 0 
0 0 0 0 0 0 0 0 0 0 0 0 
0 0 0 0 0 0 0 0 0 0 0 0 
0 0 0 0 0 0 0 0 0 0 0 0 
0 0 0 0 0 0 0 0 0 0 0 0 
0 0 0 0 0 0 0 0 0 0 0 0 
0 0 0 0 0 0 0 0 0 0 0 0 
RESULT 0
END

BEGIN
2025-12-10-22-50-51
10
TIME 2025-12-10-22-50-51
MODE PVP
P1_NAME 
P2_NAME Player 2
P1_SCORE 0
P2_SCORE 0
TURN 2
BOARD_SIZE 12
BOARDGAME 
0 0 0 0 0 0 0 0 0 0 0 0 
0 0 0 0 0 0 0 0 0 0 0 0 
0 0 0 1 0 0 0 0 0 0 0 0 
0 0 0 0 2 0 0 0 0 0 0 0 
0 0 0 0 1 0 0 0 0 0 0 0 
0 0 0 0 0 0 0 0 0 0 0 0 
0 0 0 0 0 0 0 0 0 0 0 0 
0 0 0 0 0 0 0 0 0 0 0 0 
0 0 0 0 0 0 0 0 0 0 0 0 
0 0 0 0 0 0 0 0 0 0 0 0 
0 0 0 0 0 0 0 0 0 0 0 0 
0 0 0 0 0 0 0 0 0 0 0 0 
RESULT 0
END

BEGIN
2025-12-10-22-51-02
10
TIME 2025-12-10-22-51-02
MODE PVE
P1_NAME 
P2_NAME Computer
P1_SCORE 0
P2_SCORE 0
TURN 1
BOARD_SIZE 12
BOARDGAME 
0 0 0 0 0 0 0 0 0 0 0 0 
0 0 0 0 0 1 0 0 0 0 0 0 
0 0 0 0 2 0 0 0 0 0 0 0 
0 0 0 2 0 2 0 0 0 0 0 0 
0 0 2 1 1 0 0 0 0 0 0 0 
0 0 0 1 0 0 0 0 0 0 0 0 
0 0 0 0 0 0 0 0 0 0 0 0 
0 0 0 0 0 0 0 0 0 0 0 0 
0 0 0 0 0 0 0 0 0 0 0 0 
0 0 0 0 0 0 0 0 0 0 0 0 
0 0 0 0 0 0 0 0 0 0 0 0 
0 0 0 0 0 0 0 0 0 0 0 0 
RESULT 0
END

